1 西瓜 1 1.30 2.60 100.00 2022 4 10 15
2 西瓜 1 1.40 3.00 100.00 2022 4 11 16
3 土豆 1 0.80 2.00 100.00 2022 4 11 20
4 土豆 1 1.00 2.50 100.00 2022 4 11 22
5 西瓜 1 1.50 2.70 100.00 2022 4 11 15
6 西瓜 1 1.60 2.80 100.00 2022 4 11 15
7 西瓜 1 1.70 2.90 100.00 2022 4 11 15
8 西瓜 1 1.80 3.00 100.00 2022 4 11 15
9 西瓜 1 1.90 3.20 100.00 2022 4 11 15
10 西红柿 1 1.50 2.50 100.00 2022 4 11 12
11 西红柿 1 1.60 2.70 100.00 2022 4 11 12
12 西红柿 1 1.80 2.80 100.00 2022 4 11 12
13 西红柿 1 1.90 2.90 100.00 2022 4 11 12
14 西红柿 1 2.00 3.20 100.00 2022 4 11 12
15 西瓜 1 2.00 3.00 100.00 2022 4 11 15
16 西瓜 1 2.20 3.20 100.00 2022 4 11 15
17 西瓜 1 2.50 3.00 100.00 2022 4 11 15
18 西瓜 1 1.90 3.20 100.00 2022 4 11 15
