1 塑料袋 1 0.01 0.10 994.00 2022 4 5 9999
2 茄子 1 1.50 3.00 20.00 2022 3 24 5
3 西瓜 1 0.50 1.50 90.00 2022 3 25 5
4 娃娃菜 1 1.00 2.50 50.00 2022 3 25 5
5 上海青 3 1.80 3.00 20.00 2022 3 25 5
6 (盒)小香梨 2 1.80 4.00 90.00 2022 3 26 7
7 芒果 1 2.00 4.00 50.00 2022 3 30 10
8 (箱)富士苹果 1 1.00 1.80 100.00 2022 4 1 5
9 尖椒 2 1.30 2.50 30.00 2022 4 1 7
10 白萝卜 2 1.00 2.00 30.00 2022 4 1 10
11 (盒)烟台苹果 1 1.50 3.00 80.00 2022 4 3 6
12 菠菜 2 1.50 3.00 10.00 2022 4 5 7
13 桃子 2 2.00 4.00 100.00 2022 4 6 15
14 莴笋(促销) 1 2.00 2.88 40.00 2022 4 6 10
15 土豆(促销) 2 0.80 1.20 100.00 2022 4 7 10
16 水蜜桃(促销) 2 2.00 3.60 40.00 2022 4 7 7
17 洋葱 1 1.50 2.50 30.00 2022 4 8 20
18 富士苹果3 1 0.20 2.50 50.00 2022 4 8 15
19 窝瓜 2 0.80 2.00 50.00 2022 4 9 15
20 榴莲(促销) 1 20.00 34.40 100.00 2022 4 10 7
21 (箱)香蕉(促销) 2 1.50 2.40 30.00 2022 4 10 6
22 火龙果 2 2.00 4.50 50.00 2022 4 10 10
25 菠菜(促销) 2 1.50 2.40 10.00 2022 4 10 6
26 生菜(促销) 2 2.00 3.20 30.00 2022 4 10 4
27 大蒜 3 2.00 5.00 50.00 2022 4 10 15
28 姜 1 4.00 8.00 100.00 2022 4 11 20
30 彩椒(促销) 3 2.00 3.60 20.00 2022 4 11 5
31 莴笋 1 2.00 3.04 50.00 2022 4 12 7
32 洋葱 1 1.50 3.00 20.00 2022 4 12 15
33 樱桃(促销) 2 2.20 3.39 50.00 2022 4 12 5
34 富士苹果 1 1.50 3.00 50.00 2022 4 12 13
